9000000 1783979033 0
10500000 1784129207 0
12000000 1784279320 0
13500000 1784429865 0
15000000 1784580453 0
16500000 1784730786 0
18000000 1784881166 0
19500000 1785031693 0
21000000 1785182290 0
22500000 1785332763 0
24000000 1785483126 0
25500000 1785633518 0
27000000 1785783911 0
28500000 1785934337 0
30000000 1786084530 0
31500000 1786234814 0
33000000 1786385084 0
34500000 1786534874 0
36000000 1786685181 0
37500000 1786835543 0
39000000 1786986070 0
40500000 1787136595 0
42000000 1787287027 0
43500000 1787437488 0
45000000 1787587903 0
46500000 1787738523 0
48000000 1787889950 0
49500000 1788041426 0
51000000 1788193003 0
52500000 1788344538 0
54000000 1788498066 0
55500000 1788649551 0
57000000 1788800841 0
58500000 1788952184 0
60000000 1789103578 0
61500000 1789256206 0
63000000 1789408441 0
64500000 1789560849 0
66000000 1789711846 0
67500000 1789862937 0
69000000 1790014054 0
70500000 1790165181 0
72000000 1790316392 0
73500000 1790467706 0
